state	numcol	yieldpercol	totalprod	stocks	priceperlb	prodvalue	year	stocksval
AL	16000.0	71	1136000.0	159000.0	0.72	818000.0	1998	114480.0
AZ	55000.0	60	3300000.0	1485000.0	0.64	2112000.0	1998	950400.0
AR	53000.0	65	3445000.0	1688000.0	0.59	2033000.0	1998	995920.0
CA	450000.0	83	37350000.0	12326000.0	0.62	23157000.0	1998	7642120.0
CO	27000.0	72	1944000.0	1594000.0	0.7	1361000.0	1998	1115800.0
FL	230000.0	98	22540000.0	4508000.0	0.64	14426000.0	1998	2885120.0
GA	75000.0	56	4200000.0	307000.0	0.69	2898000.0	1998	211829.99999999997
HI	8000.0	118	944000.0	66000.0	0.77	727000.0	1998	50820.0
ID	120000.0	50	6000000.0	2220000.0	0.65	3900000.0	1998	1443000.0
IL	9000.0	71	639000.0	204000.0	1.19	760000.0	1998	242760.0
IN	9000.0	92	828000.0	489000.0	0.85	704000.0	1998	415650.0
IA	50000.0	78	3900000.0	2301000.0	0.7	2730000.0	1998	1610700.0
KS	16000.0	46	736000.0	390000.0	0.87	640000.0	1998	339300.0
KY	3000.0	50	150000.0	51000.0	1.4	210000.0	1998	71400.0
LA	41000.0	111	4551000.0	865000.0	0.59	2685000.0	1998	510350.0
ME	10000.0	26	260000.0	117000.0	0.69	179000.0	1998	80730.0
MD	7000.0	44	308000.0	92000.0	1.1	339000.0	1998	101200.00000000001
MI	80000.0	85	6800000.0	3672000.0	0.66	4488000.0	1998	2423520.0
MN	140000.0	79	11060000.0	2765000.0	0.65	7189000.0	1998	1797250.0
MS	18000.0	86	1548000.0	898000.0	0.58	898000.0	1998	520839.99999999994
MO	23000.0	66	1518000.0	455000.0	0.76	1154000.0	1998	345800.0
MT	115000.0	122	14030000.0	5472000.0	0.64	8979000.0	1998	3502080.0
NE	64000.0	70	4480000.0	2240000.0	0.86	3853000.0	1998	1926400.0
NV	10000.0	46	460000.0	175000.0	1.65	759000.0	1998	288750.0
NJ	11000.0	49	539000.0	167000.0	0.76	410000.0	1998	126920.0
NM	14000.0	55	770000.0	470000.0	0.76	585000.0	1998	357200.0
NY	65000.0	80	5200000.0	2444000.0	0.7	3640000.0	1998	1710800.0
NC	8000.0	59	472000.0	151000.0	1.38	651000.0	1998	208379.99999999997
ND	230000.0	128	29440000.0	8832000.0	0.63	18547000.0	1998	5564160.0
OH	18000.0	78	1404000.0	702000.0	0.83	1165000.0	1998	582660.0
OK	4000.0	51	204000.0	63000.0	1.24	253000.0	1998	78120.0
OR	50000.0	45	2250000.0	1620000.0	0.9	2025000.0	1998	1458000.0
PA	26000.0	66	1716000.0	789000.0	0.8	1373000.0	1998	631200.0
SD	225000.0	95	21375000.0	10901000.0	0.64	13680000.0	1998	6976640.0
TN	7000.0	64	448000.0	121000.0	1.32	591000.0	1998	159720.0
TX	91000.0	77	7007000.0	1612000.0	0.62	4344000.0	1998	999440.0
UT	30000.0	58	1740000.0	557000.0	0.65	1131000.0	1998	362050.0
VT	6000.0	64	384000.0	207000.0	0.85	326000.0	1998	175950.0
VA	8000.0	37	296000.0	86000.0	1.33	394000.0	1998	114380.0
WA	58000.0	51	2958000.0	1361000.0	0.64	1893000.0	1998	871040.0
WV	6000.0	55	330000.0	155000.0	1.14	376000.0	1998	176699.99999999997
WI	89000.0	91	8099000.0	5264000.0	0.72	5831000.0	1998	3790080.0
WY	46000.0	60	2760000.0	524000.0	0.68	1877000.0	1998	356320.0
AL	17000.0	68	1156000.0	185000.0	0.56	647000.0	1999	103600.00000000001
AZ	52000.0	62	3224000.0	1548000.0	0.62	1999000.0	1999	959760.0
AR	52000.0	89	4628000.0	2592000.0	0.53	2453000.0	1999	1373760.0
CA	465000.0	60	27900000.0	9486000.0	0.55	15345000.0	1999	5217300.0
CO	27000.0	76	2052000.0	1436000.0	0.68	1395000.0	1999	976480.0000000001
FL	228000.0	102	23256000.0	4186000.0	0.53	12326000.0	1999	2218580.0
GA	65000.0	51	3315000.0	497000.0	0.64	2122000.0	1999	318080.0
HI	8000.0	80	640000.0	32000.0	0.8	512000.0	1999	25600.0
ID	120000.0	48	5760000.0	3110000.0	0.59	3398000.0	1999	1834900.0
IL	9000.0	66	594000.0	327000.0	1.15	683000.0	1999	376050.0
IN	10000.0	81	810000.0	437000.0	0.9	729000.0	1999	393300.0
IA	40000.0	65	2600000.0	2028000.0	0.65	1690000.0	1999	1318200.0
KS	13000.0	67	871000.0	854000.0	1.11	967000.0	1999	947940.0000000001
KY	3000.0	50	150000.0	12000.0	1.24	186000.0	1999	14880.0
LA	48000.0	114	5472000.0	821000.0	0.49	2681000.0	1999	402290.0
ME	14000.0	22	308000.0	89000.0	0.83	256000.0	1999	73870.0
MD	6000.0	46	276000.0	50000.0	1.64	453000.0	1999	82000.0
MI	73000.0	85	6205000.0	3475000.0	0.66	4095000.0	1999	2293500.0
MN	145000.0	82	11890000.0	3210000.0	0.61	7253000.0	1999	1958100.0
MS	18000.0	73	1314000.0	591000.0	0.54	710000.0	1999	319140.0
MO	24000.0	65	1560000.0	437000.0	0.68	1061000.0	1999	297160.0
MT	122000.0	70	8540000.0	2135000.0	0.6	5124000.0	1999	1281000.0
NE	58000.0	77	4466000.0	1965000.0	0.61	2724000.0	1999	1198650.0
NV	9000.0	45	405000.0	271000.0	1.54	624000.0	1999	417340.0
NJ	10000.0	44	440000.0	154000.0	0.57	251000.0	1999	87779.99999999999
NM	15000.0	52	780000.0	476000.0	0.77	601000.0	1999	366520.0
NY	69000.0	70	4830000.0	2077000.0	0.66	3188000.0	1999	1370820.0
NC	9000.0	46	414000.0	104000.0	1.62	671000.0	1999	168480.0
ND	255000.0	105	26775000.0	8836000.0	0.59	15797000.0	1999	5213240.0
OH	20000.0	74	1480000.0	784000.0	0.72	1066000.0	1999	564480.0
OK	6000.0	45	270000.0	49000.0	1.34	362000.0	1999	65660.0
OR	45000.0	57	2565000.0	2026000.0	0.8	2052000.0	1999	1620800.0
PA	28000.0	60	1680000.0	790000.0	0.76	1277000.0	1999	600400.0
SD	224000.0	104	23296000.0	13046000.0	0.6	13978000.0	1999	7827600.0
TN	8000.0	51	408000.0	106000.0	1.3	530000.0	1999	137800.0
TX	108000.0	81	8748000.0	2799000.0	0.64	5599000.0	1999	1791360.0
UT	26000.0	45	1170000.0	433000.0	0.68	796000.0	1999	294440.0
VT	6000.0	66	396000.0	222000.0	0.63	249000.0	1999	139860.0
VA	7000.0	35	245000.0	86000.0	1.17	287000.0	1999	100620.0
WA	52000.0	50	2600000.0	1170000.0	0.6	1560000.0	1999	702000.0
WV	6000.0	39	234000.0	152000.0	1.09	255000.0	1999	165680.0
WI	80000.0	75	6000000.0	4560000.0	0.68	4080000.0	1999	3100800.0
WY	37000.0	72	2664000.0	746000.0	0.61	1625000.0	1999	455060.0
AL	16000.0	78	1248000.0	187000.0	0.59	736000.0	2000	110330.0
AZ	40000.0	59	2360000.0	1322000.0	0.73	1723000.0	2000	965060.0
AR	52000.0	93	4836000.0	3337000.0	0.57	2757000.0	2000	1902089.9999999998
CA	440000.0	70	30800000.0	11396000.0	0.59	18172000.0	2000	6723640.0
CO	29000.0	60	1740000.0	957000.0	0.62	1079000.0	2000	593340.0
FL	232000.0	105	24360000.0	2923000.0	0.54	13154000.0	2000	1578420.0
GA	55000.0	57	3135000.0	376000.0	0.63	1975000.0	2000	236880.0
HI	7000.0	112	784000.0	125000.0	0.82	643000.0	2000	102500.0
ID	100000.0	47	4700000.0	2679000.0	0.52	2444000.0	2000	1393080.0
IL	8000.0	61	488000.0	146000.0	1.17	571000.0	2000	170820.0
IN	8000.0	65	520000.0	286000.0	1.03	536000.0	2000	294580.0
IA	30000.0	67	2010000.0	1206000.0	0.68	1367000.0	2000	820080.0000000001
KS	15000.0	68	1020000.0	520000.0	0.91	928000.0	2000	473200.0
KY	4000.0	48	192000.0	54000.0	1.35	259000.0	2000	72900.0
LA	43000.0	94	4042000.0	1334000.0	0.52	2102000.0	2000	693680.0
ME	11000.0	21	231000.0	143000.0	0.75	173000.0	2000	107250.0
MD	6000.0	46	276000.0	52000.0	1.14	315000.0	2000	59279.99999999999
MI	72000.0	75	5400000.0	2970000.0	0.6	3240000.0	2000	1782000.0
MN	150000.0	90	13500000.0	3105000.0	0.57	7695000.0	2000	1769849.9999999998
MS	17000.0	72	1224000.0	649000.0	0.69	845000.0	2000	447809.99999999994
MO	23000.0	75	1725000.0	362000.0	0.6	1035000.0	2000	217200.0
MT	124000.0	88	10912000.0	4692000.0	0.59	6438000.0	2000	2768280.0
NE	50000.0	87	4350000.0	2610000.0	0.59	2567000.0	2000	1539900.0
NV	10000.0	35	350000.0	95000.0	1.45	508000.0	2000	137750.0
NJ	11000.0	35	385000.0	200000.0	0.61	235000.0	2000	122000.0
NM	15000.0	64	960000.0	739000.0	0.72	691000.0	2000	532080.0
NY	58000.0	80	4640000.0	2274000.0	0.55	2552000.0	2000	1250700.0
NC	11000.0	49	539000.0	243000.0	1.43	771000.0	2000	347490.0
ND	300000.0	115	34500000.0	13800000.0	0.57	19665000.0	2000	7865999.999999999
OH	18000.0	65	1170000.0	585000.0	0.79	924000.0	2000	462150.0
OK	7000.0	35	245000.0	64000.0	1.26	309000.0	2000	80640.0
OR	48000.0	51	2448000.0	1665000.0	0.66	1616000.0	2000	1098900.0
PA	25000.0	45	1125000.0	630000.0	0.76	855000.0	2000	478800.0
SD	235000.0	121	28435000.0	12796000.0	0.58	16492000.0	2000	7421679.999999999
TN	9000.0	61	549000.0	104000.0	1.43	785000.0	2000	148720.0
TX	105000.0	79	8295000.0	2986000.0	0.57	4728000.0	2000	1702019.9999999998
UT	24000.0	41	984000.0	462000.0	0.6	590000.0	2000	277200.0
VT	7000.0	59	413000.0	211000.0	0.68	281000.0	2000	143480.0
VA	7000.0	42	294000.0	103000.0	1.5	441000.0	2000	154500.0
WA	52000.0	54	2808000.0	1151000.0	0.58	1629000.0	2000	667580.0
WV	7000.0	54	378000.0	234000.0	1.22	461000.0	2000	285480.0
WI	84000.0	90	7560000.0	4385000.0	0.68	5141000.0	2000	2981800.0
WY	39000.0	93	3627000.0	798000.0	0.59	2140000.0	2000	470820.0
AL	14000.0	73	1022000.0	235000.0	0.72	736000.0	2001	169200.0
AZ	43000.0	59	2537000.0	1142000.0	0.72	1827000.0	2001	822240.0
AR	50000.0	98	4900000.0	1617000.0	0.65	3185000.0	2001	1051050.0
CA	460000.0	61	28060000.0	7857000.0	0.69	19361000.0	2001	5421330.0
CO	26000.0	55	1430000.0	529000.0	0.71	1015000.0	2001	375590.0
FL	220000.0	100	22000000.0	3432000.0	0.64	14080000.0	2001	2196480.0
GA	55000.0	57	3135000.0	188000.0	0.7	2195000.0	2001	131600.0
HI	8000.0	87	696000.0	84000.0	0.87	606000.0	2001	73080.0
ID	100000.0	46	4600000.0	1610000.0	0.67	3082000.0	2001	1078700.0
IL	6000.0	76	456000.0	251000.0	1.58	720000.0	2001	396580.0
IN	7000.0	76	532000.0	186000.0	0.92	489000.0	2001	171120.0
IA	33000.0	51	1683000.0	875000.0	0.75	1262000.0	2001	656250.0
KS	13000.0	51	663000.0	530000.0	0.96	636000.0	2001	508800.0
KY	4000.0	78	312000.0	125000.0	1.41	440000.0	2001	176250.0
LA	45000.0	106	4770000.0	572000.0	0.6	2862000.0	2001	343200.0
ME	11000.0	20	220000.0	106000.0	0.79	174000.0	2001	83740.0
MD	4000.0	46	184000.0	55000.0	1.6	294000.0	2001	88000.0
MI	76000.0	60	4560000.0	2827000.0	0.81	3694000.0	2001	2289870.0
MN	135000.0	81	10935000.0	1859000.0	0.65	7108000.0	2001	1208350.0
MS	17000.0	66	1122000.0	224000.0	0.89	999000.0	2001	199360.0
MO	22000.0	61	1342000.0	336000.0	0.71	953000.0	2001	238560.0
MT	136000.0	102	13872000.0	4578000.0	0.67	9294000.0	2001	3067260.0
NE	43000.0	48	2064000.0	1115000.0	0.72	1486000.0	2001	802800.0
NV	9000.0	50	450000.0	36000.0	2.14	963000.0	2001	77040.0
NJ	11000.0	34	374000.0	71000.0	0.85	318000.0	2001	60350.0
NM	10000.0	70	700000.0	350000.0	0.66	462000.0	2001	231000.0
NY	53000.0	70	3710000.0	1781000.0	0.79	2931000.0	2001	1406990.0
NC	13000.0	44	572000.0	172000.0	1.48	847000.0	2001	254560.0
ND	280000.0	96	26880000.0	9408000.0	0.69	18547000.0	2001	6491519.999999999
OH	18000.0	81	1458000.0	569000.0	1.01	1473000.0	2001	574690.0
OK	4000.0	47	188000.0	105000.0	1.43	269000.0	2001	150150.0
OR	44000.0	44	1936000.0	1200000.0	0.74	1433000.0	2001	888000.0
PA	26000.0	57	1482000.0	785000.0	0.92	1363000.0	2001	722200.0
SC	7000.0	40	280000.0	67000.0	0.79	221000.0	2001	52930.0
SD	235000.0	65	15275000.0	12220000.0	0.71	10845000.0	2001	8676200.0
TN	8000.0	59	472000.0	131000.0	1.39	656000.0	2001	182090.0
TX	97000.0	79	7663000.0	1533000.0	0.65	4981000.0	2001	996450.0
UT	23000.0	38	874000.0	315000.0	0.65	568000.0	2001	204750.0
VT	7000.0	81	567000.0	249000.0	0.92	522000.0	2001	229080.0
VA	9000.0	52	468000.0	94000.0	1.26	590000.0	2001	118440.0
WA	48000.0	52	2496000.0	1048000.0	0.72	1797000.0	2001	754560.0
WV	7000.0	65	455000.0	410000.0	1.42	646000.0	2001	582200.0
WI	67000.0	81	5427000.0	3419000.0	0.82	4450000.0	2001	2803580.0
WY	38000.0	77	2926000.0	468000.0	0.65	1902000.0	2001	304200.0
AL	12000.0	86	1032000.0	103000.0	1.18	1218000.0	2002	121540.0
AZ	38000.0	63	2394000.0	1197000.0	1.08	2586000.0	2002	1292760.0
AR	45000.0	88	3960000.0	871000.0	1.26	4990000.0	2002	1097460.0
CA	470000.0	50	23500000.0	3525000.0	1.32	31020000.0	2002	4653000.0
CO	24000.0	60	1440000.0	576000.0	1.29	1858000.0	2002	743040.0
FL	220000.0	93	20460000.0	2026000.0	1.14	23324000.0	2002	2309640.0
GA	50000.0	52	2600000.0	52000.0	1.13	2938000.0	2002	58759.99999999999
HI	7000.0	136	952000.0	29000.0	1.11	1057000.0	2002	32190.000000000004
ID	100000.0	57	5700000.0	1653000.0	1.37	7809000.0	2002	2264610.0
IL	9000.0	80	720000.0	130000.0	1.47	1058000.0	2002	191100.0
IN	8000.0	62	496000.0	233000.0	1.19	590000.0	2002	277270.0
IA	33000.0	70	2310000.0	901000.0	1.43	3303000.0	2002	1288430.0
KS	17000.0	52	884000.0	407000.0	1.5	1326000.0	2002	610500.0
KY	5000.0	54	270000.0	78000.0	1.63	440000.0	2002	127139.99999999999
LA	35000.0	124	4340000.0	347000.0	1.16	5034000.0	2002	402520.0
ME	11000.0	41	451000.0	266000.0	1.21	546000.0	2002	321860.0
MD	3000.0	46	138000.0	21000.0	1.96	270000.0	2002	41160.0
MI	72000.0	77	5544000.0	1885000.0	1.4	7762000.0	2002	2639000.0
MN	117000.0	73	8541000.0	1110000.0	1.47	12555000.0	2002	1631700.0
MS	18000.0	78	1404000.0	281000.0	1.23	1727000.0	2002	345630.0
MO	18000.0	50	900000.0	189000.0	1.42	1278000.0	2002	268380.0
MT	134000.0	63	8442000.0	1097000.0	1.38	11650000.0	2002	1513859.9999999998
NE	43000.0	75	3225000.0	1161000.0	1.49	4805000.0	2002	1729890.0
NV	9000.0	62	558000.0	61000.0	2.67	1490000.0	2002	162870.0
NJ	11000.0	40	440000.0	92000.0	1.0	440000.0	2002	92000.0
NM	11000.0	44	484000.0	252000.0	1.1	532000.0	2002	277200.0
NY	60000.0	98	5880000.0	2470000.0	1.25	7350000.0	2002	3087500.0
NC	16000.0	42	672000.0	74000.0	1.41	948000.0	2002	104340.0
ND	320000.0	75	24000000.0	8160000.0	1.46	35040000.0	2002	11913600.0
OH	18000.0	70	1260000.0	504000.0	1.44	1814000.0	2002	725760.0
OK	3000.0	53	159000.0	51000.0	1.63	259000.0	2002	83130.0
OR	43000.0	49	2107000.0	885000.0	1.35	2844000.0	2002	1194750.0
PA	29000.0	57	1653000.0	827000.0	1.34	2215000.0	2002	1108180.0
SC	5000.0	94	470000.0	14000.0	1.25	588000.0	2002	17500.0
SD	225000.0	51	11475000.0	2410000.0	1.42	16295000.0	2002	3422200.0
TN	8000.0	61	488000.0	137000.0	1.4	683000.0	2002	191800.0
TX	114000.0	67	7638000.0	985000.0	1.14	8707000.0	2002	1122900.0
UT	22000.0	59	1298000.0	208000.0	1.3	1687000.0	2002	270400.0
VT	7000.0	89	623000.0	274000.0	1.2	748000.0	2002	328800.0
VA	8000.0	38	304000.0	79000.0	1.9	578000.0	2002	150100.0
WA	50000.0	51	2550000.0	561000.0	1.27	3239000.0	2002	712470.0
WV	9000.0	51	459000.0	151000.0	1.32	606000.0	2002	199320.0
WI	70000.0	95	6650000.0	2461000.0	1.34	8911000.0	2002	3297740.0
WY	38000.0	63	2394000.0	383000.0	1.33	3184000.0	2002	509390.0
AL	13000.0	82	1066000.0	43000.0	1.24	1322000.0	2003	53320.0
AZ	35000.0	72	2520000.0	983000.0	1.34	3377000.0	2003	1317220.0
AR	40000.0	75	3000000.0	810000.0	1.26	3780000.0	2003	1020600.0
CA	480000.0	67	32160000.0	6432000.0	1.39	44702000.0	2003	8940480.0
CO	24000.0	86	2064000.0	722000.0	1.4	2890000.0	2003	1010799.9999999999
FL	210000.0	71	14910000.0	1491000.0	1.32	19681000.0	2003	1968120.0
GA	52000.0	65	3380000.0	270000.0	1.28	4326000.0	2003	345600.0
HI	7000.0	114	798000.0	43000.0	1.45	1157000.0	2003	62350.0
ID	100000.0	46	4600000.0	1380000.0	1.33	6118000.0	2003	1835400.0
IL	7000.0	60	420000.0	252000.0	1.83	769000.0	2003	461160.0
IN	5000.0	56	280000.0	78000.0	1.66	465000.0	2003	129480.0
IA	32000.0	59	1888000.0	868000.0	1.42	2681000.0	2003	1232560.0
KS	16000.0	57	912000.0	447000.0	1.41	1286000.0	2003	630270.0
KY	5000.0	48	240000.0	14000.0	1.67	401000.0	2003	23380.0
LA	34000.0	90	3060000.0	275000.0	1.24	3794000.0	2003	341000.0
ME	8000.0	33	264000.0	145000.0	1.41	372000.0	2003	204450.0
MD	2000.0	42	84000.0	21000.0	1.93	162000.0	2003	40530.0
MI	65000.0	74	4810000.0	1732000.0	1.41	6782000.0	2003	2442120.0
MN	120000.0	83	9960000.0	1892000.0	1.44	14342000.0	2003	2724480.0
MS	21000.0	69	1449000.0	246000.0	1.29	1869000.0	2003	317340.0
MO	17000.0	53	901000.0	189000.0	1.41	1270000.0	2003	266490.0
MT	145000.0	66	9570000.0	1914000.0	1.44	13781000.0	2003	2756160.0
NE	45000.0	74	3330000.0	1299000.0	1.38	4595000.0	2003	1792619.9999999998
NV	6000.0	64	384000.0	46000.0	2.04	783000.0	2003	93840.0
NJ	10000.0	19	190000.0	101000.0	1.6	304000.0	2003	161600.0
NM	6000.0	41	246000.0	108000.0	1.2	295000.0	2003	129600.0
NY	67000.0	72	4824000.0	1640000.0	1.36	6561000.0	2003	2230400.0
NC	10000.0	44	440000.0	79000.0	1.92	845000.0	2003	151680.0
ND	340000.0	87	29580000.0	6803000.0	1.36	40229000.0	2003	9252080.0
OH	15000.0	50	750000.0	278000.0	1.4	1050000.0	2003	389200.0
OK	3000.0	47	141000.0	69000.0	1.84	259000.0	2003	126960.0
OR	42000.0	51	2142000.0	964000.0	1.27	2720000.0	2003	1224280.0
PA	27000.0	50	1350000.0	419000.0	1.44	1944000.0	2003	603360.0
SC	4000.0	70	280000.0	8000.0	1.89	529000.0	2003	15120.0
SD	215000.0	70	15050000.0	2709000.0	1.43	21522000.0	2003	3873870.0
TN	6000.0	40	240000.0	46000.0	1.52	365000.0	2003	69920.0
TX	140000.0	67	9380000.0	1126000.0	1.4	13132000.0	2003	1576400.0
UT	25000.0	57	1425000.0	157000.0	1.28	1824000.0	2003	200960.0
VT	7000.0	83	581000.0	163000.0	1.96	1139000.0	2003	319480.0
VA	6000.0	37	222000.0	69000.0	1.68	373000.0	2003	115920.0
WA	58000.0	56	3248000.0	942000.0	1.46	4742000.0	2003	1375320.0
WV	8000.0	47	376000.0	194000.0	1.89	711000.0	2003	366660.0
WI	74000.0	77	5698000.0	2678000.0	1.47	8376000.0	2003	3936660.0
WY	39000.0	81	3159000.0	474000.0	1.41	4454000.0	2003	668340.0
AL	12000.0	87	1044000.0	282000.0	1.41	1472000.0	2004	397620.0
AZ	32000.0	55	1760000.0	774000.0	1.11	1954000.0	2004	859140.0000000001
AR	40000.0	57	2280000.0	388000.0	0.87	1984000.0	2004	337560.0
CA	390000.0	45	17550000.0	5792000.0	1.05	18428000.0	2004	6081600.0
CO	23000.0	80	1840000.0	791000.0	1.35	2484000.0	2004	1067850.0
FL	205000.0	98	20090000.0	2009000.0	1.02	20492000.0	2004	2049180.0
GA	63000.0	49	3087000.0	648000.0	1.2	3704000.0	2004	777600.0
HI	8000.0	96	768000.0	77000.0	1.59	1221000.0	2004	122430.0
ID	100000.0	63	6300000.0	2520000.0	1.02	6426000.0	2004	2570400.0
IL	7000.0	55	385000.0	193000.0	1.86	716000.0	2004	358980.0
IN	7000.0	59	413000.0	145000.0	1.47	607000.0	2004	213150.0
IA	35000.0	67	2345000.0	1337000.0	1.06	2486000.0	2004	1417220.0
KS	14000.0	80	1120000.0	683000.0	1.18	1322000.0	2004	805940.0
KY	5000.0	56	280000.0	34000.0	1.96	549000.0	2004	66640.0
LA	35000.0	98	3430000.0	240000.0	0.79	2710000.0	2004	189600.0
ME	7000.0	31	217000.0	37000.0	1.28	278000.0	2004	47360.0
MI	65000.0	67	4355000.0	2439000.0	1.16	5052000.0	2004	2829240.0
MN	135000.0	75	10125000.0	1924000.0	1.08	10935000.0	2004	2077920.0000000002
MS	18000.0	65	1170000.0	421000.0	0.79	924000.0	2004	332590.0
MO	16000.0	41	656000.0	151000.0	1.36	892000.0	2004	205360.00000000003
MT	140000.0	77	10780000.0	3773000.0	1.08	11642000.0	2004	4074840.0000000005
NE	51000.0	89	4539000.0	2043000.0	1.01	4584000.0	2004	2063430.0
NV	14000.0	55	770000.0	316000.0	1.78	1371000.0	2004	562480.0
NJ	12000.0	27	324000.0	45000.0	1.4	454000.0	2004	62999.99999999999
NM	8000.0	44	352000.0	127000.0	1.19	419000.0	2004	151130.0
NY	64000.0	67	4288000.0	1887000.0	1.36	5832000.0	2004	2566320.0
NC	9000.0	40	360000.0	72000.0	1.93	695000.0	2004	138960.0
ND	390000.0	78	30420000.0	9126000.0	1.05	31941000.0	2004	9582300.0
OH	16000.0	58	928000.0	353000.0	1.53	1420000.0	2004	540090.0
OR	42000.0	54	2268000.0	1111000.0	1.21	2744000.0	2004	1344310.0
PA	30000.0	54	1620000.0	810000.0	1.42	2300000.0	2004	1150200.0
SD	215000.0	105	22575000.0	13545000.0	1.01	22801000.0	2004	13680450.0
TN	6000.0	54	324000.0	91000.0	1.73	561000.0	2004	157430.0
TX	116000.0	76	8816000.0	1411000.0	0.97	8552000.0	2004	1368670.0
UT	24000.0	70	1680000.0	554000.0	1.1	1848000.0	2004	609400.0
VT	6000.0	68	408000.0	192000.0	1.51	616000.0	2004	289920.0
VA	7000.0	38	266000.0	69000.0	2.1	559000.0	2004	144900.0
WA	56000.0	63	3528000.0	1376000.0	0.98	3457000.0	2004	1348480.0
WV	9000.0	55	495000.0	183000.0	1.41	698000.0	2004	258029.99999999997
WI	68000.0	86	5848000.0	2632000.0	1.19	6959000.0	2004	3132080.0
WY	39000.0	75	2925000.0	380000.0	1.1	3218000.0	2004	418000.00000000006
AL	13000.0	66	858000.0	266000.0	1.02	875000.0	2005	271320.0
AZ	36000.0	50	1800000.0	720000.0	1.04	1872000.0	2005	748800.0
AR	36000.0	69	2484000.0	571000.0	0.97	2409000.0	2005	553870.0
CA	400000.0	75	30000000.0	9300000.0	0.86	25800000.0	2005	7998000.0
CO	28000.0	70	1960000.0	902000.0	0.97	1901000.0	2005	874940.0
FL	160000.0	86	13760000.0	2477000.0	0.87	11971000.0	2005	2154990.0
GA	59000.0	49	2891000.0	434000.0	0.89	2573000.0	2005	386260.0
HI	9000.0	131	1179000.0	283000.0	1.43	1686000.0	2005	404690.0
ID	95000.0	37	3515000.0	1793000.0	0.8	2812000.0	2005	1434400.0
IL	8000.0	85	680000.0	408000.0	1.84	1251000.0	2005	750720.0
IN	8000.0	64	512000.0	189000.0	1.18	604000.0	2005	223020.0
IA	28000.0	88	2464000.0	1232000.0	1.21	2981000.0	2005	1490720.0
KS	16000.0	50	800000.0	328000.0	1.05	840000.0	2005	344400.0
KY	5000.0	50	250000.0	40000.0	2.08	520000.0	2005	83200.0
LA	35000.0	97	3395000.0	611000.0	0.72	2444000.0	2005	439920.0
ME	8000.0	26	208000.0	193000.0	1.66	345000.0	2005	320380.0
MI	65000.0	68	4420000.0	2519000.0	0.94	4155000.0	2005	2367860.0
MN	120000.0	74	8880000.0	1598000.0	0.9	7992000.0	2005	1438200.0
MS	16000.0	80	1280000.0	346000.0	0.67	858000.0	2005	231820.0
MO	15000.0	50	750000.0	180000.0	1.22	915000.0	2005	219600.0
MT	130000.0	67	8710000.0	3136000.0	0.86	7491000.0	2005	2696960.0
NE	40000.0	68	2720000.0	2530000.0	0.87	2366000.0	2005	2201100.0
NV	12000.0	46	552000.0	442000.0	3.11	1717000.0	2005	1374620.0
NJ	12000.0	32	384000.0	104000.0	1.2	461000.0	2005	124800.0
NM	7000.0	49	343000.0	113000.0	1.03	353000.0	2005	116390.0
NY	59000.0	73	4307000.0	2283000.0	1.34	5771000.0	2005	3059220.0
NC	10000.0	54	540000.0	146000.0	1.88	1015000.0	2005	274480.0
ND	370000.0	91	33670000.0	8418000.0	0.83	27946000.0	2005	6986940.0
OH	15000.0	69	1035000.0	580000.0	1.4	1449000.0	2005	812000.0
OR	39000.0	42	1638000.0	557000.0	1.08	1769000.0	2005	601560.0
PA	28000.0	56	1568000.0	800000.0	1.12	1756000.0	2005	896000.0000000001
SD	220000.0	79	17380000.0	11818000.0	0.83	14425000.0	2005	9808940.0
TN	7000.0	55	385000.0	92000.0	1.67	643000.0	2005	153640.0
TX	84000.0	71	5964000.0	954000.0	0.86	5129000.0	2005	820440.0
UT	24000.0	45	1080000.0	346000.0	0.95	1026000.0	2005	328700.0
VT	6000.0	91	546000.0	169000.0	1.12	612000.0	2005	189280.00000000003
VA	8000.0	37	296000.0	59000.0	2.2	651000.0	2005	129800.00000000001
WA	51000.0	55	2805000.0	1935000.0	1.01	2833000.0	2005	1954350.0
WV	8000.0	51	408000.0	102000.0	1.29	526000.0	2005	131580.0
WI	64000.0	83	5312000.0	2922000.0	1.14	6056000.0	2005	3331079.9999999995
WY	40000.0	56	2240000.0	291000.0	0.89	1994000.0	2005	258990.0
AL	11000.0	72	792000.0	230000.0	1.21	958000.0	2006	278300.0
AZ	30000.0	65	1950000.0	839000.0	0.91	1775000.0	2006	763490.0
AR	32000.0	76	2432000.0	730000.0	0.89	2164000.0	2006	649700.0
CA	380000.0	52	19760000.0	7706000.0	0.97	19167000.0	2006	7474820.0
CO	36000.0	75	2700000.0	1458000.0	1.04	2808000.0	2006	1516320.0
FL	170000.0	81	13770000.0	1790000.0	1.0	13770000.0	2006	1790000.0
GA	63000.0	74	4662000.0	746000.0	1.2	5594000.0	2006	895200.0
HI	10000.0	93	930000.0	233000.0	1.21	1125000.0	2006	281930.0
ID	95000.0	44	4180000.0	2592000.0	0.97	4055000.0	2006	2514240.0
IL	10000.0	66	660000.0	356000.0	2.14	1412000.0	2006	761840.0
IN	7000.0	54	378000.0	125000.0	1.58	597000.0	2006	197500.0
IA	26000.0	84	2184000.0	1441000.0	1.37	2992000.0	2006	1974170.0000000002
KS	14000.0	55	770000.0	246000.0	1.17	901000.0	2006	287820.0
KY	5000.0	56	280000.0	70000.0	2.19	613000.0	2006	153300.0
LA	30000.0	90	2700000.0	675000.0	0.9	2430000.0	2006	607500.0
ME	11000.0	23	253000.0	86000.0	1.6	405000.0	2006	137600.0
MI	72000.0	55	3960000.0	2099000.0	1.15	4554000.0	2006	2413850.0
MN	125000.0	80	10000000.0	3300000.0	0.94	9400000.0	2006	3102000.0
MS	14000.0	98	1372000.0	453000.0	0.93	1276000.0	2006	421290.0
MO	15000.0	46	690000.0	117000.0	0.98	676000.0	2006	114660.0
MT	132000.0	79	10428000.0	1981000.0	0.95	9907000.0	2006	1881950.0
NE	47000.0	73	3431000.0	3843000.0	0.93	3191000.0	2006	3573990.0
NV	9000.0	37	333000.0	50000.0	3.62	1205000.0	2006	181000.0
NJ	9000.0	36	324000.0	152000.0	1.14	369000.0	2006	173279.99999999997
NM	7000.0	48	336000.0	104000.0	1.19	400000.0	2006	123760.0
NY	58000.0	64	3712000.0	2376000.0	1.3	4826000.0	2006	3088800.0
NC	10000.0	50	500000.0	215000.0	1.57	785000.0	2006	337550.0
ND	350000.0	74	25900000.0	7770000.0	0.91	23569000.0	2006	7070700.0
OH	14000.0	56	784000.0	282000.0	1.4	1098000.0	2006	394800.0
OR	46000.0	48	2208000.0	729000.0	1.05	2318000.0	2006	765450.0
PA	28000.0	40	1120000.0	605000.0	1.63	1826000.0	2006	986149.9999999999
SD	225000.0	47	10575000.0	10575000.0	0.94	9941000.0	2006	9940500.0
TN	7000.0	55	385000.0	58000.0	1.84	708000.0	2006	106720.0
TX	82000.0	70	5740000.0	976000.0	0.89	5109000.0	2006	868640.0
UT	26000.0	50	1300000.0	299000.0	0.98	1274000.0	2006	293020.0
VT	6000.0	56	336000.0	144000.0	1.2	403000.0	2006	172800.0
VA	8000.0	42	336000.0	114000.0	2.2	739000.0	2006	250800.00000000003
WA	49000.0	52	2548000.0	1605000.0	1.24	3160000.0	2006	1990200.0
WV	6000.0	42	252000.0	68000.0	2.02	509000.0	2006	137360.0
WI	64000.0	93	5952000.0	2500000.0	1.12	6666000.0	2006	2800000.0000000005
WY	39000.0	85	3315000.0	497000.0	0.98	3249000.0	2006	487060.0
AL	11000.0	56	616000.0	209000.0	1.49	918000.0	2007	311410.0
AZ	30000.0	64	1920000.0	902000.0	1.26	2419000.0	2007	1136520.0
AR	28000.0	80	2240000.0	672000.0	0.95	2128000.0	2007	638400.0
CA	340000.0	40	13600000.0	3672000.0	1.04	14144000.0	2007	3818880.0
CO	31000.0	51	1581000.0	838000.0	1.15	1818000.0	2007	963699.9999999999
FL	160000.0	71	11360000.0	1363000.0	0.99	11246000.0	2007	1349370.0
GA	60000.0	58	3480000.0	522000.0	1.19	4141000.0	2007	621180.0
HI	10000.0	92	920000.0	285000.0	1.7	1564000.0	2007	484500.0
ID	92000.0	41	3772000.0	1848000.0	1.15	4338000.0	2007	2125200.0
IL	9000.0	63	567000.0	374000.0	2.49	1412000.0	2007	931260.0000000001
IN	8000.0	53	424000.0	119000.0	1.5	636000.0	2007	178500.0
IA	26000.0	81	2106000.0	1221000.0	1.31	2759000.0	2007	1599510.0
KS	14000.0	40	560000.0	196000.0	1.18	661000.0	2007	231280.0
KY	4000.0	61	244000.0	54000.0	2.12	517000.0	2007	114480.0
LA	29000.0	89	2581000.0	413000.0	1.08	2787000.0	2007	446040.00000000006
ME	9000.0	26	234000.0	59000.0	1.32	309000.0	2007	77880.0
MI	72000.0	64	4608000.0	2350000.0	1.19	5484000.0	2007	2796500.0
MN	130000.0	68	8840000.0	2564000.0	1.04	9194000.0	2007	2666560.0
MS	15000.0	92	1380000.0	166000.0	0.91	1256000.0	2007	151060.0
MO	14000.0	46	644000.0	148000.0	1.12	721000.0	2007	165760.00000000003
MT	135000.0	68	9180000.0	2479000.0	0.99	9088000.0	2007	2454210.0
NE	45000.0	49	2205000.0	1477000.0	1.03	2271000.0	2007	1521310.0
NV	10000.0	28	280000.0	67000.0	2.99	837000.0	2007	200330.0
NJ	9000.0	57	513000.0	185000.0	1.96	1005000.0	2007	362600.0
NM	6000.0	59	354000.0	138000.0	1.42	503000.0	2007	195960.0
NY	53000.0	57	3021000.0	1843000.0	1.38	4169000.0	2007	2543340.0
NC	12000.0	45	540000.0	76000.0	2.49	1345000.0	2007	189240.00000000003
ND	420000.0	74	31080000.0	9013000.0	0.96	29837000.0	2007	8652480.0
OH	14000.0	61	854000.0	376000.0	1.77	1512000.0	2007	665520.0
OR	46000.0	43	1978000.0	1088000.0	1.31	2591000.0	2007	1425280.0
PA	25000.0	42	1050000.0	326000.0	1.7	1785000.0	2007	554200.0
SD	255000.0	52	13260000.0	10608000.0	1.02	13525000.0	2007	10820160.0
TN	7000.0	65	455000.0	114000.0	1.99	905000.0	2007	226860.0
TX	105000.0	82	8610000.0	1550000.0	0.96	8266000.0	2007	1488000.0
UT	28000.0	42	1176000.0	270000.0	1.13	1329000.0	2007	305100.0
VT	5000.0	64	320000.0	96000.0	1.7	544000.0	2007	163200.0
VA	6000.0	46	276000.0	63000.0	2.43	671000.0	2007	153090.0
WA	46000.0	44	2024000.0	648000.0	1.25	2530000.0	2007	810000.0
WV	6000.0	48	288000.0	95000.0	2.09	602000.0	2007	198550.0
WI	60000.0	84	5040000.0	3024000.0	1.22	6149000.0	2007	3689280.0
WY	43000.0	80	3440000.0	894000.0	1.0	3440000.0	2007	894000.0
AL	9000.0	66	594000.0	214000.0	1.9	1129000.0	2008	406600.0
AZ	25000.0	64	1600000.0	336000.0	1.26	2016000.0	2008	423360.0
AR	28000.0	75	2100000.0	525000.0	1.35	2835000.0	2008	708750.0
CA	360000.0	51	18360000.0	4039000.0	1.39	25520000.0	2008	5614210.0
CO	27000.0	45	1215000.0	656000.0	1.51	1835000.0	2008	990560.0
FL	150000.0	79	11850000.0	1304000.0	1.32	15642000.0	2008	1721280.0
GA	65000.0	71	4615000.0	369000.0	1.52	7015000.0	2008	560880.0
HI	10000.0	90	900000.0	225000.0	1.59	1431000.0	2008	357750.0
ID	90000.0	40	3600000.0	1440000.0	1.46	5256000.0	2008	2102400.0
IL	8000.0	56	448000.0	116000.0	2.59	1160000.0	2008	300440.0
IN	7000.0	67	469000.0	150000.0	1.68	788000.0	2008	252000.0
IA	24000.0	62	1488000.0	580000.0	1.58	2351000.0	2008	916400.0
KS	10000.0	61	610000.0	128000.0	1.55	946000.0	2008	198400.0
KY	4000.0	39	156000.0	27000.0	2.44	381000.0	2008	65880.0
LA	40000.0	77	3080000.0	493000.0	1.36	4189000.0	2008	670480.0
ME	7000.0	42	294000.0	79000.0	1.57	462000.0	2008	124030.0
MI	71000.0	73	5183000.0	2021000.0	1.44	7464000.0	2008	2910240.0
MN	122000.0	78	9516000.0	2569000.0	1.39	13227000.0	2008	3570909.9999999995
MS	14000.0	98	1372000.0	110000.0	1.3	1784000.0	2008	143000.0
MO	11000.0	53	583000.0	152000.0	1.68	979000.0	2008	255360.0
MT	134000.0	70	9380000.0	4596000.0	1.37	12851000.0	2008	6296520.000000001
NE	36000.0	67	2412000.0	1254000.0	1.45	3497000.0	2008	1818300.0
NV	10000.0	29	290000.0	52000.0	1.42	412000.0	2008	73840.0
NJ	9000.0	40	360000.0	122000.0	1.62	583000.0	2008	197640.0
NM	6000.0	48	288000.0	95000.0	1.48	426000.0	2008	140600.0
NY	50000.0	70	3500000.0	1260000.0	1.65	5775000.0	2008	2079000.0
NC	12000.0	52	624000.0	137000.0	2.18	1360000.0	2008	298660.0
ND	400000.0	90	36000000.0	8640000.0	1.36	48960000.0	2008	11750400.0
OH	14000.0	53	742000.0	371000.0	1.68	1247000.0	2008	623280.0
OR	50000.0	43	2150000.0	1097000.0	1.41	3032000.0	2008	1546770.0
PA	23000.0	48	1104000.0	276000.0	1.65	1822000.0	2008	455400.0
SD	225000.0	95	21375000.0	11970000.0	1.34	28643000.0	2008	16039800.000000002
TN	7000.0	61	427000.0	149000.0	2.09	892000.0	2008	311410.0
TX	77000.0	64	4928000.0	1380000.0	1.34	6604000.0	2008	1849200.0
UT	28000.0	48	1344000.0	242000.0	1.57	2110000.0	2008	379940.0
VT	5000.0	66	330000.0	119000.0	2.2	726000.0	2008	261800.00000000003
VA	6000.0	42	252000.0	45000.0	2.42	610000.0	2008	108900.0
WA	49000.0	44	2156000.0	862000.0	1.51	3256000.0	2008	1301620.0
WV	6000.0	43	258000.0	49000.0	2.16	557000.0	2008	105840.0
WI	58000.0	80	4640000.0	2366000.0	1.5	6960000.0	2008	3549000.0
WY	39000.0	61	2379000.0	381000.0	1.37	3259000.0	2008	521970.00000000006
AL	9000.0	50	450000.0	68000.0	1.86	837000.0	2009	126480.0
AZ	20000.0	52	1040000.0	562000.0	1.45	1508000.0	2009	814900.0
AR	24000.0	57	1368000.0	301000.0	1.42	1943000.0	2009	427420.0
CA	355000.0	33	11715000.0	2109000.0	1.39	16284000.0	2009	2931510.0
CO	28000.0	53	1484000.0	326000.0	1.43	2122000.0	2009	466180.0
FL	170000.0	68	11560000.0	1618000.0	1.42	16415000.0	2009	2297560.0
GA	65000.0	41	2665000.0	346000.0	1.47	3918000.0	2009	508620.0
HI	10000.0	95	950000.0	323000.0	1.76	1672000.0	2009	568480.0
ID	103000.0	46	4738000.0	1706000.0	1.52	7202000.0	2009	2593120.0
IL	8000.0	34	272000.0	57000.0	2.55	694000.0	2009	145350.0
IN	9000.0	32	288000.0	101000.0	2.02	582000.0	2009	204020.0
IA	26000.0	42	1092000.0	339000.0	1.6	1747000.0	2009	542400.0
KS	9000.0	63	567000.0	164000.0	1.85	1049000.0	2009	303400.0
KY	5000.0	35	175000.0	25000.0	2.71	474000.0	2009	67750.0
LA	37000.0	103	3811000.0	610000.0	1.36	5183000.0	2009	829600.0000000001
ME	6000.0	50	300000.0	51000.0	1.95	585000.0	2009	99450.0
MI	66000.0	60	3960000.0	1505000.0	1.55	6138000.0	2009	2332750.0
MN	122000.0	65	7930000.0	1427000.0	1.44	11419000.0	2009	2054880.0
MS	14000.0	104	1456000.0	87000.0	1.32	1922000.0	2009	114840.0
MO	11000.0	47	517000.0	57000.0	1.99	1029000.0	2009	113430.0
MT	146000.0	70	10220000.0	3577000.0	1.46	14921000.0	2009	5222420.0
NE	48000.0	56	2688000.0	1102000.0	1.46	3924000.0	2009	1608920.0
NJ	11000.0	32	352000.0	70000.0	2.36	831000.0	2009	165200.0
NM	7000.0	60	420000.0	143000.0	1.59	668000.0	2009	227370.0
NY	45000.0	65	2925000.0	936000.0	1.93	5645000.0	2009	1806480.0
NC	11000.0	45	495000.0	84000.0	2.57	1272000.0	2009	215880.0
ND	450000.0	77	34650000.0	7623000.0	1.38	47817000.0	2009	10519740.0
OH	11000.0	50	550000.0	132000.0	2.81	1546000.0	2009	370920.0
OR	55000.0	34	1870000.0	767000.0	1.54	2880000.0	2009	1181180.0
PA	21000.0	40	840000.0	319000.0	2.03	1705000.0	2009	647569.9999999999
SD	270000.0	66	17820000.0	6237000.0	1.42	25304000.0	2009	8856540.0
TN	7000.0	51	357000.0	86000.0	2.37	846000.0	2009	203820.0
TX	89000.0	63	5607000.0	1065000.0	1.39	7794000.0	2009	1480350.0
UT	26000.0	38	988000.0	198000.0	1.46	1442000.0	2009	289080.0
VT	5000.0	49	245000.0	69000.0	2.01	492000.0	2009	138689.99999999997
VA	6000.0	39	234000.0	56000.0	3.45	807000.0	2009	193200.0
WA	62000.0	44	2728000.0	1064000.0	1.58	4310000.0	2009	1681120.0
WV	5000.0	37	185000.0	33000.0	2.6	481000.0	2009	85800.0
WI	63000.0	60	3780000.0	1588000.0	1.58	5972000.0	2009	2509040.0
WY	37000.0	48	1776000.0	391000.0	1.43	2540000.0	2009	559130.0
AL	9000.0	54	486000.0	73000.0	2.4	1166000.0	2010	175200.0
AZ	24000.0	77	1848000.0	665000.0	1.52	2809000.0	2010	1010800.0
AR	25000.0	60	1500000.0	360000.0	1.47	2205000.0	2010	529200.0
CA	410000.0	67	27470000.0	6318000.0	1.55	42579000.0	2010	9792900.0
CO	34000.0	56	1904000.0	533000.0	1.52	2894000.0	2010	810160.0
FL	200000.0	69	13800000.0	1794000.0	1.56	21528000.0	2010	2798640.0
GA	55000.0	46	2530000.0	152000.0	1.67	4225000.0	2010	253840.0
HI	10000.0	77	770000.0	239000.0	2.75	2118000.0	2010	657250.0
ID	97000.0	27	2619000.0	1179000.0	1.61	4217000.0	2010	1898190.0
IL	9000.0	41	369000.0	92000.0	2.78	1026000.0	2010	255759.99999999997
IN	10000.0	43	430000.0	151000.0	2.23	959000.0	2010	336730.0
IA	27000.0	49	1323000.0	463000.0	1.92	2540000.0	2010	888960.0
KS	9000.0	52	468000.0	103000.0	2.02	945000.0	2010	208060.0
KY	5000.0	67	335000.0	67000.0	2.72	911000.0	2010	182240.0
LA	36000.0	80	2880000.0	288000.0	1.5	4320000.0	2010	432000.0
ME	5000.0	41	205000.0	33000.0	2.05	420000.0	2010	67650.0
MI	71000.0	58	4118000.0	1524000.0	1.67	6877000.0	2010	2545080.0
MN	128000.0	66	8448000.0	1774000.0	1.55	13094000.0	2010	2749700.0
MS	16000.0	98	1568000.0	78000.0	1.44	2258000.0	2010	112320.0
MO	11000.0	52	572000.0	92000.0	1.8	1030000.0	2010	165600.0
MT	157000.0	74	11618000.0	2905000.0	1.58	18356000.0	2010	4589900.0
NE	41000.0	55	2255000.0	902000.0	1.51	3405000.0	2010	1362020.0
NJ	13000.0	35	455000.0	73000.0	1.9	865000.0	2010	138700.0
NM	7000.0	66	462000.0	157000.0	1.58	730000.0	2010	248060.0
NY	45000.0	64	2880000.0	1123000.0	1.96	5645000.0	2010	2201080.0
NC	13000.0	46	598000.0	144000.0	2.66	1591000.0	2010	383040.0
ND	510000.0	91	46410000.0	12995000.0	1.5	69615000.0	2010	19492500.0
OH	18000.0	62	1116000.0	346000.0	2.28	2544000.0	2010	788879.9999999999
OR	59000.0	39	2301000.0	874000.0	1.63	3751000.0	2010	1424620.0
PA	30000.0	37	1110000.0	377000.0	2.13	2364000.0	2010	803010.0
SD	265000.0	58	15370000.0	4765000.0	1.51	23209000.0	2010	7195150.0
TN	8000.0	63	504000.0	106000.0	2.5	1260000.0	2010	265000.0
TX	100000.0	72	7200000.0	792000.0	1.51	10872000.0	2010	1195920.0
UT	26000.0	30	780000.0	195000.0	1.53	1193000.0	2010	298350.0
VT	4000.0	65	260000.0	73000.0	3.1	806000.0	2010	226300.0
VA	5000.0	37	185000.0	37000.0	3.32	614000.0	2010	122840.0
WA	71000.0	37	2627000.0	1077000.0	1.57	4124000.0	2010	1690890.0
WV	5000.0	40	200000.0	40000.0	2.39	478000.0	2010	95600.0
WI	64000.0	64	4096000.0	1556000.0	1.68	6881000.0	2010	2614080.0
WY	34000.0	36	1224000.0	282000.0	1.59	1946000.0	2010	448380.0
AL	9000.0	50	450000.0	63000.0	2.51	1130000.0	2011	158130.0
AZ	23000.0	53	1219000.0	427000.0	1.55	1889000.0	2011	661850.0
AR	22000.0	64	1408000.0	239000.0	1.62	2281000.0	2011	387180.0
CA	370000.0	48	17760000.0	3730000.0	1.65	29304000.0	2011	6154500.0
CO	31000.0	55	1705000.0	443000.0	2.0	3410000.0	2011	886000.0
FL	180000.0	61	10980000.0	988000.0	1.68	18446000.0	2011	1659840.0
GA	65000.0	43	2795000.0	196000.0	1.65	4612000.0	2011	323400.0
HI	9000.0	74	666000.0	246000.0	3.65	2431000.0	2011	897900.0
ID	87000.0	36	3132000.0	1879000.0	1.78	5575000.0	2011	3344620.0
IL	7000.0	50	350000.0	98000.0	3.9	1365000.0	2011	382200.0
IN	8000.0	51	408000.0	147000.0	2.14	873000.0	2011	314580.0
IA	25000.0	62	1550000.0	961000.0	1.96	3038000.0	2011	1883560.0
KS	7000.0	44	308000.0	117000.0	2.15	662000.0	2011	251550.0
KY	4000.0	39	156000.0	12000.0	3.17	495000.0	2011	38040.0
LA	36000.0	77	2772000.0	471000.0	1.67	4629000.0	2011	786570.0
ME	4000.0	30	120000.0	17000.0	1.98	238000.0	2011	33660.0
MI	74000.0	64	4736000.0	2084000.0	1.81	8572000.0	2011	3772040.0
MN	120000.0	53	6360000.0	2099000.0	1.63	10367000.0	2011	3421370.0
MS	18000.0	115	2070000.0	104000.0	1.53	3167000.0	2011	159120.0
MO	8000.0	43	344000.0	76000.0	2.14	736000.0	2011	162640.0
MT	145000.0	92	13340000.0	3202000.0	1.7	22678000.0	2011	5443400.0
NE	41000.0	59	2419000.0	653000.0	1.75	4233000.0	2011	1142750.0
NJ	11000.0	41	451000.0	135000.0	3.7	1669000.0	2011	499500.0
NM	7000.0	56	392000.0	153000.0	1.69	662000.0	2011	258570.0
NY	49000.0	56	2744000.0	1235000.0	1.96	5378000.0	2011	2420600.0
NC	14000.0	62	868000.0	95000.0	2.83	2456000.0	2011	268850.0
ND	460000.0	71	32660000.0	7512000.0	1.67	54542000.0	2011	12545040.0
OH	15000.0	66	990000.0	228000.0	2.34	2317000.0	2011	533520.0
OR	60000.0	34	2040000.0	755000.0	1.68	3427000.0	2011	1268400.0
PA	24000.0	44	1056000.0	306000.0	2.55	2693000.0	2011	780300.0
SD	250000.0	66	16500000.0	4290000.0	1.7	28050000.0	2011	7293000.0
TN	7000.0	44	308000.0	68000.0	2.93	902000.0	2011	199240.0
TX	78000.0	58	4524000.0	633000.0	1.78	8053000.0	2011	1126740.0
UT	23000.0	39	897000.0	170000.0	1.75	1570000.0	2011	297500.0
VT	4000.0	43	172000.0	43000.0	2.31	397000.0	2011	99330.0
VA	4000.0	40	160000.0	21000.0	4.07	651000.0	2011	85470.0
WA	71000.0	38	2698000.0	836000.0	1.93	5207000.0	2011	1613480.0
WV	4000.0	53	212000.0	45000.0	2.57	545000.0	2011	115650.0
WI	57000.0	63	3591000.0	1508000.0	1.89	6787000.0	2011	2850120.0
WY	35000.0	54	1890000.0	265000.0	1.72	3251000.0	2011	455800.0
AL	8000.0	54	432000.0	65000.0	2.47	1067000.0	2012	160550.0
AZ	22000.0	46	1012000.0	253000.0	1.79	1811000.0	2012	452870.0
AR	25000.0	63	1575000.0	189000.0	1.98	3119000.0	2012	374220.0
CA	330000.0	35	11550000.0	3119000.0	1.94	22407000.0	2012	6050860.0
CO	25000.0	48	1200000.0	468000.0	2.07	2484000.0	2012	968759.9999999999
FL	193000.0	64	12352000.0	1235000.0	1.84	22728000.0	2012	2272400.0
GA	59000.0	51	3009000.0	181000.0	1.92	5777000.0	2012	347520.0
HI	10000.0	75	750000.0	263000.0	4.15	3113000.0	2012	1091450.0
ID	92000.0	32	2944000.0	530000.0	1.63	4799000.0	2012	863900.0
IL	7000.0	61	427000.0	145000.0	3.55	1516000.0	2012	514750.0
IN	8000.0	59	472000.0	203000.0	2.54	1199000.0	2012	515620.0
IA	37000.0	61	2257000.0	1196000.0	2.17	4898000.0	2012	2595320.0
KS	6000.0	55	330000.0	125000.0	2.28	752000.0	2012	285000.0
KY	5000.0	51	255000.0	41000.0	3.15	803000.0	2012	129150.0
LA	41000.0	86	3526000.0	141000.0	1.83	6453000.0	2012	258030.0
ME	4000.0	34	136000.0	24000.0	2.39	325000.0	2012	57360.0
MI	73000.0	57	4161000.0	1332000.0	2.03	8447000.0	2012	2703959.9999999995
MN	125000.0	67	8375000.0	1591000.0	1.92	16080000.0	2012	3054720.0
MS	18000.0	118	2124000.0	64000.0	1.77	3759000.0	2012	113280.0
MO	7000.0	53	371000.0	108000.0	2.8	1039000.0	2012	302400.0
MT	145000.0	52	7540000.0	2413000.0	1.95	14703000.0	2012	4705350.0
NE	43000.0	65	2795000.0	1146000.0	1.93	5394000.0	2012	2211780.0
NJ	14000.0	33	462000.0	51000.0	1.97	910000.0	2012	100470.0
NM	5000.0	52	260000.0	99000.0	3.39	881000.0	2012	335610.0
NY	51000.0	51	2601000.0	988000.0	2.23	5800000.0	2012	2203240.0
NC	13000.0	39	507000.0	106000.0	3.76	1906000.0	2012	398560.0
ND	480000.0	69	33120000.0	5962000.0	1.92	63590000.0	2012	11447040.0
OH	18000.0	60	1080000.0	410000.0	2.46	2657000.0	2012	1008600.0
OR	60000.0	32	1920000.0	845000.0	2.16	4147000.0	2012	1825200.0000000002
PA	16000.0	60	960000.0	269000.0	2.57	2467000.0	2012	691330.0
SD	260000.0	63	16380000.0	3604000.0	1.95	31941000.0	2012	7027800.0
TN	6000.0	61	366000.0	59000.0	2.93	1072000.0	2012	172870.0
TX	92000.0	52	4784000.0	718000.0	2.0	9568000.0	2012	1436000.0
UT	25000.0	38	950000.0	209000.0	1.87	1777000.0	2012	390830.0
VT	4000.0	60	240000.0	53000.0	2.39	574000.0	2012	126670.0
VA	4000.0	41	164000.0	23000.0	3.77	618000.0	2012	86710.0
WA	62000.0	41	2542000.0	1017000.0	2.38	6050000.0	2012	2420460.0
WV	6000.0	48	288000.0	95000.0	2.91	838000.0	2012	276450.0
WI	60000.0	69	4140000.0	1863000.0	2.05	8487000.0	2012	3819149.9999999995
WY	50000.0	51	2550000.0	459000.0	1.87	4769000.0	2012	858330.0
